parcela	arvore	dap	ht
1	1	8	13.2
1	2	5.8	12.4
1	3	9.2	14.3
1	4	7.9	12.6
1	5	5.6	12.8
1	6	8.4	14.3
1	7	6.2	11.7
1	8	9.2	14.2
1	9	8.6	14.8
1	10	6.7	15.6
1	11	8.3	15.3
1	12	11.7	16.5
1	13	6.5	12.4
1	14	11.6	15.3
1	15	6.3	0
1	16	5.7	0
1	17	9.2	0
1	18	4.3	0
1	19	6.8	0
1	20	8	0
1	21	9.4	0
1	22	8.4	0
1	23	7.5	0
1	24	9	0
1	25	7.8	0
1	26	6.9	0
1	27	8.8	0
1	28	6.4	0
1	29	8.3	0
1	30	7.3	0
1	31	4.7	0
1	32	9.2	0
1	33	8.6	0
1	34	8.8	0
1	35	7.6	0
1	36	4.6	0
1	37	7.7	0
1	38	7.5	0
1	39	8.3	0
1	40	6.8	0
1	41	7.7	0
1	42	4	0
1	43	6.9	0
1	44	5.5	0
1	45	6.4	0
1	46	6.3	0
1	47	5	0
1	48	4.4	0
1	49	8.7	0
1	50	7.5	0
2	1	7.1	0
2	2	7.4	0
2	3	10	0
2	4	9.7	0
2	5	8.1	0
2	6	5.1	0
2	7	8.9	0
2	8	6.7	0
2	9	7	0
2	10	9.5	0
2	11	7.6	0
2	12	8.9	0
2	13	9.8	0
2	14	7.3	0
2	15	9.7	0
2	16	7.2	0
2	17	9.8	0
2	18	8.7	0
2	19	9.8	0
2	20	8	0
2	21	6.8	0
2	22	10.2	0
2	23	8.1	0
2	24	9.6	0
2	25	8.3	0
2	26	6	0
2	27	9.1	0
2	28	4.3	0
2	29	7.3	0
2	30	10.2	0
2	31	6	0
2	32	9.8	0
2	33	8.7	0
2	34	7	0
2	35	9	0
2	36	6.9	0
2	37	9.2	0
2	38	10.8	0
2	39	5.8	0
2	40	9.2	0
2	41	11	0
2	42	6.4	0
2	43	5.7	0
2	44	10.4	0
2	45	10.4	0
2	46	6	12.5
2	47	6.9	13.9
2	48	6.3	13.9
2	49	7.3	12.7
2	50	8.8	13.3
2	51	6.3	11.9
2	52	9.3	12.9
2	53	7.7	13
2	54	9.4	13.8
2	55	6.8	12.8
2	56	7	13
2	57	7.7	13.5
2	58	7.8	13.6
2	59	7	12.9
2	60	8.5	13.8
3	1	8.4	11.8
3	2	8.7	11.5
3	3	8.7	11.7
3	4	6.3	11.5
3	5	6.8	11.2
3	6	9.2	11.7
3	7	7.7	11.3
3	8	8.6	12.5
3	9	9.5	12.2
3	10	7.4	11.2
3	11	4.9	9.7
3	12	4.8	9.5
3	13	5.9	10.7
3	14	9.9	13.8
3	15	7.7	0
3	16	9.4	0
3	17	9	0
3	18	4.7	0
3	19	10.2	0
3	20	5.8	0
3	21	11.8	0
3	22	8.7	0
3	23	7.9	0
3	24	9.3	0
3	25	10.1	0
3	26	9.8	0
3	27	6.8	0
3	28	9.2	0
3	29	10.6	0
3	30	9.4	0
3	31	7.8	0
3	32	6.1	0
3	33	8.8	0
3	34	10.3	0
3	35	8	0
3	36	7.8	0
3	37	6.5	0
3	38	9.2	0
3	39	8.2	0
3	40	8.2	0
3	41	10.4	0
3	42	7.2	0
3	43	9.8	0
3	44	7.2	0
3	45	10.8	0
3	46	8.2	0
3	47	6.6	0
3	48	8.7	0
4	1	9.9	12.2
4	2	4.9	9.3
4	3	9.2	10.4
4	4	6.4	9.6
4	5	7.3	10
4	6	9.8	11.8
4	7	6.6	9.9
4	8	7.6	10.6
4	9	9.2	11.2
4	10	7.3	10.5
4	11	7.6	10.6
4	12	6.8	10.4
4	13	7.8	10.2
4	14	7.8	10.1
4	15	4.7	8.5
4	16	4.6	0
4	17	5.6	0
4	18	6.5	0
4	19	4.3	0
4	20	7.7	0
4	21	5.4	0
4	22	6.6	0
4	23	7.4	0
4	24	9.2	0
4	25	7.2	0
4	26	6.9	0
4	27	6.7	0
4	28	6.7	0
4	29	8.2	0
4	30	7.4	0
4	31	6.9	0
4	32	4.5	0
4	33	8.6	0
4	34	8	0
4	35	8.4	0
4	36	9.2	0
4	37	7.8	0
4	38	10.4	0
4	39	8.7	0
4	40	7.8	0
4	41	8.2	0
4	42	10.1	0
4	43	9.2	0
4	44	8.2	0
4	45	5.6	0
4	46	10.3	0
4	47	4.3	0
4	48	7.9	0
4	49	7.8	0
4	50	6.1	0
4	51	9.2	0
4	52	7.8	0
5	1	7	9.4
5	2	5.4	8.9
5	3	7.4	9.7
5	4	6.9	11
5	5	7.6	12
5	6	5.1	11.3
5	7	6.3	11.2
5	8	6.5	11.2
5	9	4.4	7.8
5	10	5.3	9.2
5	11	7	9.9
5	12	5.4	0
5	13	5.1	0
5	14	5	0
5	15	5.7	0
5	16	7.8	0
5	17	5.9	0
5	18	8.3	0
5	19	7.9	0
5	20	8.9	0
5	21	8.1	0
5	22	11.3	0
5	23	9.7	0
5	24	9.5	0
5	25	9.1	0
5	26	6.7	0
5	27	7.9	0
5	28	8.2	0
5	29	8.4	0
5	30	6.4	0
5	31	8.7	0
5	32	8.7	0
5	33	7.7	0
5	34	7	0
5	35	8.1	0
5	36	9.1	0
5	37	5.9	0
5	38	9.5	0
5	39	5	0
5	40	7.4	0
5	41	5.3	0
5	42	9	0
5	43	9.8	0
5	44	9.3	0
6	1	5.8	9.9
6	2	7.9	11.3
6	3	6	9.7
6	4	8	11.4
6	5	8.8	12.2
6	6	7.3	11.8
6	7	7	12
6	8	8	11.8
6	9	8.2	12.5
6	10	9.3	12.7
6	11	5.3	10.5
6	12	6.3	11.5
6	13	5.4	9.6
6	14	7	11.2
6	15	5.8	10.2
6	16	6.7	0
6	17	8	0
6	18	8.9	0
6	19	7.4	0
6	20	5.1	0
6	21	4.5	0
6	22	5.7	0
6	23	7.3	0
6	24	4.4	0
6	25	6.7	0
6	26	6.8	0
6	27	8.2	0
6	28	6.3	0
6	29	7.3	0
6	30	9	0
6	31	9.4	0
6	32	6.3	0
6	33	5.5	0
6	34	6.7	0
6	35	9.1	0
6	36	4.7	0
6	37	8.5	0
6	38	8.3	0
6	39	7.1	0
6	40	8.3	0
6	41	8	0
6	42	8.4	0
6	43	4.4	0
6	44	9.9	0
6	45	5.3	0
6	46	6.3	0
6	47	5.7	0
6	48	6.2	0
6	49	5.2	0
6	50	10.1	0
6	51	4.6	0
6	52	7.6	0
6	53	8.7	0
7	1	7.4	11
7	2	6.7	10.4
7	3	7.5	10.5
7	4	5.6	7
7	5	6	9.5
7	6	7.4	11.6
7	7	5.9	10.1
7	8	6.4	10.2
7	9	6.9	10.2
7	10	5.4	9.2
7	11	7.4	11.3
7	12	7.8	11.1
7	13	7.4	11.2
7	14	6.2	10.8
7	15	7.2	11.5
7	16	6.7	0
7	17	8	0
7	18	7.8	0
7	19	4.5	0
7	20	6.8	0
7	21	4.7	0
7	22	8.1	0
7	23	4.3	0
7	24	6.9	0
7	25	6.4	0
7	26	6.9	0
7	27	5	0
7	28	8.7	0
7	29	4.2	0
7	30	5.8	0
7	31	6.8	0
7	32	7.7	0
7	33	4	0
7	34	8.4	0
7	35	6.3	0
7	36	5.9	0
7	37	7.9	0
7	38	7.2	0
7	39	7.3	0
7	40	5.1	0
7	41	7.3	0
7	42	6.8	0
7	43	6.9	0
7	44	7.7	0
7	45	4.9	0
7	46	5.8	0
7	47	5.3	0
7	48	6.4	0
7	49	6.3	0
7	50	5.9	0
7	51	6.9	0
7	52	7.3	0
7	53	6.1	0
7	54	6.3	0
7	55	4.9	0
7	56	5.7	0
7	57	7.3	0
7	58	6.8	0
7	59	6.8	0
8	1	4	7.2
8	2	8.3	10.1
8	3	6.8	9.1
8	4	7	10.1
8	5	7.4	10.5
8	6	5	8.7
8	7	8	10.2
8	8	6.9	9.6
8	9	5.8	9.2
8	10	8	10
8	11	7.3	10.2
8	12	6.9	10
8	13	7.1	11
8	14	5.3	0
8	15	7.4	0
8	16	5.3	0
8	17	7	0
8	18	7.1	0
8	19	5.8	0
8	20	6.5	0
8	21	4.8	0
8	22	7.6	0
8	23	4.7	0
8	24	7.4	0
8	25	7.5	0
8	26	7.4	0
8	27	5.8	0
8	28	8.8	0
8	29	7.9	0
8	30	6.2	0
8	31	6.6	0
8	32	7.1	0
8	33	6.5	0
8	34	6.4	0
8	35	5.8	0
8	36	5.2	0
8	37	4.9	0
8	38	6.4	0
8	39	8.2	0
8	40	8.2	0
8	41	7.6	0
8	42	4.4	0
8	43	6.3	0
8	44	8.7	0
8	45	7.7	0
8	46	7.6	0
8	47	7.5	0
8	48	8.6	0
8	49	8	0
8	50	9	0
8	51	5.5	0
8	52	8.1	0
8	53	7.8	0
8	54	6.9	0
8	55	7.9	0
8	56	8.4	0
8	57	6.3	0
8	58	6	0
8	59	8	0
8	60	7.4	0
8	61	6.8	0
9	1	6.4	11.6
9	2	8.8	12.7
9	3	7.2	11.9
9	4	8.9	11.9
9	5	4.6	9.2
9	6	7.8	9.3
9	7	8.4	11.1
9	8	6.5	9.7
9	9	4.4	7.8
9	10	7.3	9.7
9	11	7.4	11.8
9	12	8.8	11.2
9	13	8.4	10.7
9	14	7.2	10.8
9	15	7.8	10.2
9	16	4.7	0
9	17	4.7	0
9	18	7.7	0
9	19	6	0
9	20	8.6	0
9	21	7.5	0
9	22	7.1	0
9	23	7.4	0
9	24	4.7	0
9	25	8	0
9	26	7.6	0
9	27	7.6	0
9	28	6	0
9	29	7.3	0
9	30	6.3	0
9	31	5.4	0
9	32	7.2	0
9	33	7	0
9	34	7.2	0
9	35	10	0
9	36	6.3	0
9	37	7.6	0
9	38	7.7	0
9	39	7.4	0
9	40	5.9	0
9	41	9.3	0
9	42	5.2	0
9	43	4.4	0
9	44	7.8	0
9	45	7.9	0
9	46	5.9	0
9	47	8.3	0
9	48	5.1	0
9	49	5.4	0
9	50	6.3	0
10	1	9.1	13.9
10	2	5.4	12.3
10	3	8.8	11.5
10	4	8.7	13.6
10	5	8.2	12.6
10	6	9	12.6
10	7	6.9	12.3
10	8	9.3	13.7
10	9	9.8	13.9
10	10	6.8	10.9
10	11	9.3	12.9
10	12	10.1	14.5
10	13	7.4	14
10	14	10.4	16.1
10	15	4	8.5
10	16	7.8	0
10	17	9.4	0
10	18	7.5	0
10	19	7.6	0
10	20	8	0
10	21	8.9	0
10	22	8.2	0
10	23	9.2	0
10	24	5.2	0
10	25	7.5	0
10	26	9.3	0
10	27	9.4	0
10	28	8.4	0
10	29	9.3	0
10	30	7.6	0
10	31	7.2	0
10	32	8.8	0
10	33	10.4	0
10	34	9.8	0
10	35	10.8	0
10	36	9.5	0
10	37	8.1	0
10	38	11.5	0
10	39	9.4	0
10	40	9.6	0
10	41	10.1	0
10	42	9.8	0
10	43	9.9	0
10	44	11.9	0
10	45	10.8	0
10	46	8.3	0
10	47	6.2	0
10	48	7.6	0
10	49	10	0
10	50	9.2	0
10	51	10.2	0
10	52	10.2	0
11	1	9.4	12.4
11	2	9.3	13.5
11	3	8.9	12.5
11	4	9.1	12.1
11	5	8.8	11.7
11	6	5.3	10.1
11	7	6.8	10.7
11	8	9.2	12.1
11	9	4.9	10.1
11	10	6.9	12
11	11	5.8	10.2
11	12	8.9	11
11	13	9.1	12.3
11	14	5.8	11.1
11	15	6.2	0
11	16	7.7	0
11	17	6.2	0
11	18	8.4	0
11	19	6.8	0
11	20	6.3	0
11	21	6.3	0
11	22	7.3	0
11	23	8.7	0
11	24	10.2	0
11	25	7.8	0
11	26	5.3	0
11	27	8.6	0
11	28	10.2	0
11	29	9.8	0
11	30	5.9	0
11	31	10.3	0
11	32	5.9	0
11	33	11.7	0
11	34	6.1	0
11	35	5.9	0
11	36	10.5	0
11	37	10.7	0
11	38	9.2	0
11	39	9.9	0
11	40	10.4	0
11	41	7.1	0
11	42	8.9	0
11	43	8.9	0
11	44	7.9	0
11	45	9.9	0
11	46	6.2	0
11	47	8.9	0
11	48	11.2	0
11	49	10.4	0
11	50	10.8	0
11	51	10.6	0
11	52	9	0
11	53	5.9	0
11	54	9.2	0
12	1	7.3	11.6
12	2	6.6	12.1
12	3	7.7	11.5
12	4	6.8	10.5
12	5	7.8	12.1
12	6	6.5	11.1
12	7	7.1	12.1
12	8	6.7	10.7
12	9	6.3	11.1
12	10	7.8	10.7
12	11	8.3	12
12	12	8.5	12.9
12	13	5.5	10.9
12	14	7.6	12.4
12	15	5.1	10.5
12	16	7.9	0
12	17	7.8	0
12	18	7.7	0
12	19	6.1	0
12	20	6.8	0
12	21	5.8	0
12	22	7.2	0
12	23	5.3	0
12	24	4.4	0
12	25	7.4	0
12	26	7.3	0
12	27	6.1	0
12	28	7.1	0
12	29	4.7	0
12	30	8.4	0
12	31	6.3	0
12	32	9	0
12	33	8.4	0
12	34	6.2	0
12	35	5.2	0
12	36	7	0
12	37	4.3	0
12	38	9.4	0
12	39	8.6	0
12	40	7.2	0
12	41	6.2	0
12	42	7.4	0
12	43	6.2	0
12	44	7.2	0
12	45	5.7	0
12	46	8.5	0
12	47	7.8	0
12	48	8.4	0
12	49	7.4	0
12	50	6.1	0
12	51	6.9	0
12	52	6.5	0
12	53	9.8	0
12	54	10.6	0
13	1	9.2	13.8
13	2	8.2	13.8
13	3	4.9	9.8
13	4	7.4	10.6
13	5	8	12.2
13	6	7.9	12
13	7	6	11.5
13	8	8.3	12.1
13	9	7.7	12.3
13	10	9.2	12.6
13	11	9.3	11.6
13	12	5.3	11.6
13	13	9.7	13
13	14	6.6	10.1
13	15	6	0
13	16	9.5	0
13	17	10	0
13	18	8.1	0
13	19	4.4	0
13	20	6.1	0
13	21	7.8	0
13	22	11.1	0
13	23	6.8	0
13	24	9.4	0
13	25	10.2	0
13	26	9.2	0
13	27	7.1	0
13	28	8.3	0
13	29	9.5	0
13	30	5.9	0
13	31	9.2	0
13	32	9.2	0
13	33	7.7	0
13	34	7.5	0
13	35	8.2	0
13	36	6	0
13	37	8.4	0
13	38	8.7	0
13	39	8.8	0
13	40	7.4	0
13	41	8	0
13	42	7.1	0
13	43	7.1	0
13	44	7.7	0
13	45	9.1	0
13	46	5.8	0
13	47	7.9	0
13	48	7.5	0
13	49	8.6	0
13	50	6.9	0
13	51	7.7	0
13	52	6.7	0
13	53	10.2	0
14	1	8.7	12.4
14	2	9.1	13.5
14	3	8.5	12.7
14	4	10.8	14.3
14	5	9.4	13
14	6	8.9	12.9
14	7	6.6	11.5
14	8	10.4	11.7
14	9	9.2	11.6
14	10	6.3	10.8
14	11	8.1	10.6
14	12	7.2	11
14	13	7.6	12.2
14	14	8	12.2
14	15	8.8	12.3
14	16	8.4	0
14	17	4.2	0
14	18	9.5	0
14	19	4.4	0
14	20	10.9	0
14	21	9.1	0
14	22	11.1	0
14	23	9.8	0
14	24	11.2	0
14	25	10.7	0
14	26	7.7	0
14	27	6.1	0
14	28	7.9	0
14	29	8.7	0
14	30	4.7	0
14	31	10.2	0
14	32	8.8	0
14	33	11	0
14	34	6.2	0
14	35	10.3	0
14	36	10.4	0
14	37	6.9	0
14	38	6	0
14	39	5	0
14	40	9.7	0
14	41	7.4	0
14	42	8.7	0
14	43	8.1	0
14	44	8.5	0
14	45	7.9	0
14	46	10.2	0
14	47	8.5	0
14	48	8.3	0
14	49	6.6	0
14	50	9	0
15	1	10.5	19.5
15	2	10.9	18.9
15	3	10.8	19
15	4	14.1	22.1
15	5	13	21.1
15	6	17.7	22.8
15	7	18.3	24.6
15	8	12.4	22.3
15	9	14.5	21.8
15	10	15.6	21.9
15	11	13.5	22.3
15	12	17.6	25.2
15	13	15.8	25.3
15	14	15.9	24.8
15	15	12	15.1
15	16	12.6	0
15	17	11.2	0
15	18	14.4	0
15	19	16.8	0
15	20	16.8	0
15	21	16	0
15	22	15.9	0
15	23	16.3	0
15	24	14.9	0
15	25	14.3	0
15	26	16.4	0
15	27	14.1	0
15	28	17.2	0
15	29	18.2	0
15	30	13.7	0
15	31	16.5	0
15	32	14	0
15	33	18.5	0
15	34	15.8	0
15	35	12.5	0
15	36	14.8	0
15	37	14.7	0
15	38	18.5	0
15	39	13.9	0
15	40	16.3	0
15	41	14.6	0
15	42	18.1	0
16	1	13.4	28
16	2	14.8	22.1
16	3	13.3	25.1
16	4	17.4	26.1
16	5	16.1	26
16	6	11.2	25.5
16	7	14	23.2
16	8	12.8	26.5
16	9	15.6	27.5
16	10	12.7	25.4
16	11	13.7	26.4
16	12	14.5	26.6
16	13	16.5	27
16	14	13.2	24.7
16	15	16.8	26.8
16	16	14.9	28
16	17	15.5	22.1
16	18	15.6	0
16	19	14.4	0
16	20	13	0
16	21	15.8	0
16	22	13.5	0
16	23	12.5	0
16	24	13.1	0
16	25	16.3	0
16	26	14	0
16	27	12.8	0
16	28	12.4	0
16	29	18.3	0
16	30	15.2	0
16	31	16.1	0
16	32	16	0
16	33	14.4	0
16	34	13.8	0
16	35	13.5	0
16	36	15.9	0
16	37	16.5	0
16	38	15.7	0
17	1	15.8	27.6
17	2	17.2	25.4
17	3	18	26.1
17	4	14.4	24.7
17	5	18.5	25
17	6	18	25.6
17	7	16.6	22.6
17	8	11.7	24.7
17	9	13.4	25.4
17	10	11.3	25.8
17	11	12.6	22.7
17	12	17.6	28.4
17	13	11	23.1
17	14	13	23
17	15	17.9	27.3
17	16	16.3	0
17	17	10.9	0
17	18	11.9	0
17	19	15.8	0
17	20	13.7	0
17	21	14.8	0
17	22	11.5	0
17	23	17	0
17	24	13.1	0
17	25	15.9	0
17	26	14.7	0
17	27	17.8	0
17	28	18.2	0
17	29	18	0
17	30	17.6	0
17	31	13.2	0
17	32	13.4	0
17	33	15	0
17	34	13.4	0
17	35	12.6	0
17	36	12.8	0
17	37	12.9	0
18	1	11.5	18.4
18	2	12.4	23.4
18	3	17	23
18	4	12.3	20.6
18	5	12.3	20.8
18	6	16.8	19.6
18	7	14.6	17.2
18	8	15.8	20.4
18	9	13.8	21
18	10	16.3	25.4
18	11	13.3	24.7
18	12	15.3	26.8
18	13	11	26.9
18	14	13.8	27.2
18	15	12.4	26.5
18	16	12.2	0
18	17	17	0
18	18	13.1	0
18	19	11.3	0
18	20	9.4	0
18	21	14.4	0
18	22	13.8	0
18	23	12.3	0
18	24	12.6	0
18	25	13.3	0
18	26	13.5	0
18	27	13.7	0
18	28	14.1	0
18	29	13	0
18	30	13.8	0
18	31	14.5	0
18	32	11.3	0
18	33	16.9	0
18	34	18	0
19	1	11.2	15.5
19	2	8.1	14.1
19	3	9.8	14.2
19	4	10.4	14
19	5	9.7	13.7
19	6	4.2	7.4
19	7	8.9	13.5
19	8	8.7	12.7
19	9	4.7	8.9
19	10	9	10.4
19	11	9.2	12.3
19	12	9.1	12.4
19	13	10.3	14.4
19	14	5.9	9.8
19	15	9.4	14.5
19	16	10.2	0
19	17	8.4	0
19	18	9.7	0
19	19	8.9	0
19	20	9.4	0
19	21	7.1	0
19	22	9.8	0
19	23	9.4	0
19	24	10.2	0
19	25	11	0
19	26	8.9	0
19	27	8.2	0
19	28	6.4	0
19	29	10.6	0
19	30	9.2	0
19	31	7.1	0
19	32	6.8	0
19	33	8	0
19	34	6.9	0
19	35	7.4	0
19	36	6.1	0
19	37	7.1	0
19	38	6.4	0
19	39	8.1	0
19	40	10.3	0
19	41	8.5	0
19	42	4.3	0
19	43	6.7	0
20	1	4.2	10.1
20	2	9.9	13.9
20	3	5.1	10.7
20	4	8.8	13.9
20	5	8.1	12.4
20	6	8.4	12.2
20	7	8.7	12.7
20	8	5.2	8.8
20	9	8.1	10.6
20	10	5.4	9.7
20	11	6.4	10.6
20	12	6.9	10.4
20	13	5.4	10
20	14	8.8	13.8
20	15	9.9	14.3
20	16	7.5	0
20	17	9.2	0
20	18	9.1	0
20	19	10.2	0
20	20	8.2	0
20	21	9.2	0
20	22	4.3	0
20	23	10.8	0
20	24	10.1	0
20	25	8.5	0
20	26	9.8	0
20	27	4.8	0
20	28	9.3	0
20	29	7.4	0
20	30	9.7	0
20	31	8.5	0
20	32	8.8	0
20	33	10.5	0
20	34	7.8	0
20	35	8.8	0
20	36	7.4	0
20	37	10.3	0
20	38	4.7	0
20	39	10.3	0
20	40	6.4	0
20	41	8.6	0
20	42	7.8	0
20	43	4.6	0
20	44	7.8	0
20	45	9.1	0
21	1	9.5	15.1
21	2	11.5	14.6
21	3	11.5	16.8
21	4	8.9	14.9
21	5	6.6	12.9
21	6	10.7	15.3
21	7	7.9	13.9
21	8	9.6	14.4
21	9	7.4	13.8
21	10	10.3	15.3
21	11	9.3	15.1
21	12	11	16.2
21	13	12.3	17.1
21	14	11.5	15.3
21	15	10.4	15.7
21	16	10.6	0
21	17	15.2	0
21	18	10.2	0
21	19	9	0
21	20	11	0
21	21	6.4	0
21	22	8.7	0
21	23	4.7	0
21	24	8.4	0
21	25	11.2	0
21	26	8.7	0
21	27	7.1	0
21	28	7.2	0
21	29	6.9	0
21	30	7.8	0
21	31	10.3	0
21	32	6.2	0
21	33	9.8	0
21	34	8.8	0
21	35	9.7	0
21	36	9.5	0
21	37	4.9	0
21	38	8.6	0
21	39	11.7	0
21	40	7.4	0
21	41	11.9	0
21	42	10.9	0
21	43	11.3	0
21	44	9.7	0
21	45	9.9	0
21	46	7.2	0
21	47	6.5	0
21	48	4.2	0
21	49	8.3	0
21	50	8.9	0
21	51	11.8	0
21	52	10	0
21	53	8.9	0
22	1	10.9	15.7
22	2	8.8	13
22	3	9.1	14.7
22	4	9.1	16
22	5	12	17.6
22	6	12.3	15.7
22	7	8.2	17.7
22	8	10.3	17.1
22	9	11.2	17.5
22	10	9.7	13.7
22	11	6.9	16
22	12	10.7	13.9
22	13	8.1	15.9
22	14	9	16.7
22	15	10.2	14.4
22	16	6.9	0
22	17	12.3	0
22	18	12.1	0
22	19	11.2	0
22	20	8.4	0
22	21	12.4	0
22	22	12.7	0
22	23	10.2	0
22	24	9.7	0
22	25	9.7	0
22	26	9.1	0
22	27	8.6	0
22	28	10.9	0
22	29	6.2	0
22	30	10.6	0
22	31	8.5	0
22	32	10.8	0
22	33	10.4	0
22	34	9.3	0
22	35	7.7	0
22	36	10	0
22	37	7.1	0
22	38	10.1	0
22	39	11.2	0
22	40	10.9	0
22	41	10.2	0
22	42	15.9	0
22	43	7.2	0
22	44	9.7	0
22	45	4.2	0
22	46	7.8	0
22	47	15.2	0
22	48	8.2	0
22	49	9	0
22	50	8.4	0
22	51	7	0
22	52	11.3	0
22	53	7	0
22	54	8.9	0
22	55	7.8	0
22	56	8.3	0
22	57	9.6	0
22	58	4.6	0
23	1	8.5	14
23	2	4.5	9
23	3	4.4	9.1
23	4	7	12.6
23	5	9.4	15.8
23	6	4.9	9.9
23	7	9.3	15.9
23	8	4.6	9.4
23	9	6.7	10.8
23	10	14.7	15.8
23	11	16.9	15.4
23	12	8.6	12.7
23	13	15.3	13.6
23	14	4	0
23	15	15.8	0
23	16	10	0
23	17	7.6	0
23	18	5.7	0
23	19	9	0
23	20	5.8	0
23	21	9.6	0
23	22	11.5	0
23	23	7.9	0
23	24	21.7	0
23	25	14.2	0
23	26	14.7	0
23	27	14	0
23	28	15	0
23	29	12.8	0
23	30	14	0
23	31	11.7	0
23	32	8.5	0
23	33	6.4	0
23	34	8.1	0
23	35	9.7	0
23	36	11.7	0
23	37	10.8	0
23	38	8.7	0
23	39	9.9	0
23	40	7.1	0
23	41	9.3	0
23	42	10.4	0
23	43	8.8	0
23	44	8.4	0
23	45	8.8	0
23	46	8.2	0
23	47	10.1	0
23	48	8	0
23	49	8.6	0
23	50	11.9	0
23	51	11.6	0
23	52	9.4	0
23	53	9.9	0
23	54	10.6	0
23	55	11.5	0
24	1	9.9	15.6
24	2	11.2	17.8
24	3	6.8	12.6
24	4	7	12.8
24	5	8.9	14.8
24	6	9.9	17.3
24	7	9.2	14.1
24	8	5.5	11.3
24	9	9.8	16.4
24	10	10.1	16.5
24	11	7.4	13.1
24	12	9.9	16.2
24	13	9.6	12
24	14	11.2	0
24	15	10.2	0
24	16	11.1	0
24	17	9.7	0
24	18	9.2	0
24	19	9.5	0
24	20	7	0
24	21	6.2	0
24	22	9.2	0
24	23	9.9	0
24	24	9.4	0
24	25	10.6	0
24	26	8.6	0
24	27	7.6	0
24	28	10.2	0
24	29	5.2	0
24	30	8.4	0
24	31	8.9	0
24	32	7	0
24	33	7.8	0
24	34	9	0
24	35	8.5	0
24	36	5.4	0
24	37	13.9	0
24	38	7.8	0
24	39	13.2	0
24	40	8.7	0
24	41	6.9	0
24	42	8.3	0
24	43	6.5	0
24	44	8.1	0
24	45	5.2	0
24	46	9	0
25	1	4	9.4
25	2	4.7	10.6
25	3	4.9	10
25	4	4.4	9.2
25	5	4.2	9
25	6	7.4	12.7
25	7	7.7	16.8
25	8	5.4	13.9
25	9	6.7	16.2
25	10	4.5	0
25	11	4.3	0
25	12	5	0
25	13	13.3	0
25	14	4.5	0
25	15	5.6	0
25	16	4.4	0
25	17	8.9	0
25	18	9.7	0
25	19	7.6	0
25	20	4	0
25	21	7.8	0
25	22	10	0
25	23	7	0
25	24	8.7	0
25	25	7.8	0
25	26	6.1	0
25	27	4.6	0
25	28	6.6	0
25	29	9.4	0
25	30	6.8	0
25	31	8	0
25	32	7.8	0
25	33	5.3	0
25	34	5.3	0
25	35	9.6	0
25	36	6.9	0
25	37	5.8	0
25	38	8.6	0
25	39	7.9	0
25	40	6.4	0
25	41	7.8	0
25	42	6.4	0
25	43	7.8	0
25	44	8.6	0
25	45	7.6	0
25	46	7.1	0
25	47	7.1	0
25	48	6.6	0
26	1	9.5	14.5
26	2	10	15.5
26	3	9	16
26	4	8.8	14.2
26	5	11.2	15.1
26	6	11.7	14.5
26	7	10.9	15
26	8	12.4	14.2
26	9	11.3	14.5
26	10	7.7	13.3
26	11	9.2	12.6
26	12	10.2	13
26	13	10.4	15.6
26	14	10.6	16.2
26	15	9.3	0
26	16	11	0
26	17	10.2	0
26	18	10.6	0
26	19	11.4	0
26	20	7.8	0
26	21	9.9	0
26	22	10.7	0
26	23	8.3	0
26	24	11.4	0
26	25	12.1	0
26	26	10.4	0
26	27	10.8	0
26	28	11.5	0
26	29	7.7	0
26	30	4.5	0
26	31	6.5	0
26	32	6	0
26	33	10.9	0
26	34	6.8	0
26	35	6.7	0
26	36	11.3	0
26	37	9.5	0
26	38	9.2	0
26	39	8.9	0
26	40	10.5	0
26	41	4.8	0
26	42	11.4	0
26	43	9.8	0
26	44	10.5	0
26	45	11.7	0
26	46	4.7	0
26	47	4.8	0
26	48	12.3	0
26	49	11.8	0
26	50	9.4	0
26	51	10.6	0
26	52	10.6	0
26	53	11.6	0
26	54	12.4	0
26	55	10.6	0
26	56	8.2	0
26	57	8.7	0
26	58	11.2	0
26	59	12.5	0
27	1	9.2	15.5
27	2	10.1	15.8
27	3	6	14
27	4	10	14.5
27	5	9.4	15.5
27	6	7.9	14.8
27	7	8.6	14.4
27	8	8.4	14.7
27	9	9	14.1
27	10	9	14
27	11	9	13.8
27	12	8.9	14.6
27	13	8.3	12
27	14	8.4	15
27	15	9	15.5
27	16	9.7	0
27	17	6.2	0
27	18	11.2	0
27	19	10.4	0
27	20	10.6	0
27	21	9.2	0
27	22	10.2	0
27	23	9.3	0
27	24	5.6	0
27	25	5	0
27	26	10.7	0
27	27	8.1	0
27	28	5.3	0
27	29	10.5	0
27	30	8.3	0
27	31	8.4	0
27	32	7.9	0
27	33	9.9	0
27	34	9.1	0
27	35	9.4	0
27	36	6.2	0
27	37	8.2	0
27	38	6.7	0
27	39	7.5	0
27	40	5.6	0
27	41	7.9	0
27	42	7.3	0
27	43	6.8	0
27	44	7	0
27	45	5.1	0
27	46	8.8	0
27	47	7.7	0
27	48	8.7	0
27	49	4.9	0
27	50	9.1	0
27	51	9.4	0
27	52	7.5	0
27	53	8.2	0
27	54	7.6	0
27	55	9	0
27	56	8.3	0
27	57	9.7	0
27	58	8.6	0
27	59	9	0
27	60	8.4	0
28	1	10.4	16.5
28	2	9.7	14.5
28	3	8.6	14.5
28	4	9.4	13.3
28	5	10.8	14
28	6	8.6	12.5
28	7	8.8	15.5
28	8	9.8	15.2
28	9	9.7	15.1
28	10	11.3	14.4
28	11	9.3	14.4
28	12	4.7	8.3
28	13	6.3	9.7
28	14	8.9	0
28	15	9.3	0
28	16	8.8	0
28	17	9.8	0
28	18	6.8	0
28	19	10	0
28	20	9.9	0
28	21	8.4	0
28	22	7.3	0
28	23	6.4	0
28	24	6	0
28	25	7.7	0
28	26	9.1	0
28	27	7.2	0
28	28	6.3	0
28	29	10.1	0
28	30	6.2	0
28	31	11.3	0
28	32	4.9	0
28	33	7.2	0
28	34	8.1	0
28	35	8.9	0
28	36	8.8	0
28	37	7.8	0
28	38	7.1	0
28	39	6.7	0
28	40	7.2	0
28	41	9.2	0
28	42	6.8	0
28	43	8	0
28	44	4.4	0
28	45	6	0
28	46	7.2	0
28	47	11.3	0
28	48	8.9	0
28	49	7.3	0
28	50	6.5	0
28	51	4.9	0
28	52	6.4	0
29	1	7.7	12.3
29	2	9.4	13.6
29	3	6.6	11.9
29	4	10.8	15.1
29	5	10.2	14.3
29	6	7.2	14.2
29	7	9.9	14.2
29	8	9.7	14.6
29	9	10.9	14.4
29	10	9.6	14.5
29	11	10.2	14.3
29	12	10.6	13.7
29	13	9.1	14.9
29	14	9.6	14.3
29	15	7.8	13.6
29	16	8.2	0
29	17	7.8	0
29	18	6	0
29	19	10.1	0
29	20	9.4	0
29	21	9	0
29	22	8.5	0
29	23	9.3	0
29	24	11.4	0
29	25	7	0
29	26	7.4	0
29	27	8.7	0
29	28	9.9	0
29	29	8	0
29	30	10.6	0
29	31	9.4	0
29	32	5.9	0
29	33	7.4	0
29	34	10.3	0
29	35	8.8	0
29	36	9.7	0
29	37	6.1	0
29	38	8.8	0
29	39	10.4	0
29	40	9	0
29	41	10.6	0
29	42	9.3	0
29	43	10.4	0
29	44	7.2	0
29	45	9.1	0
29	46	7.9	0
29	47	10.9	0
29	48	8.6	0
29	49	8	0
29	50	8.7	0
29	51	10.8	0
29	52	4.9	0
29	53	9.1	0
29	54	8.1	0
29	55	9.9	0
29	56	5.8	0
29	57	10.5	0
29	58	7.4	0
29	59	8.4	0
29	60	8.2	0
29	61	7.7	0
29	62	7.9	0
29	63	7.8	0
29	64	8.7	0
30	1	6.8	13.3
30	2	8	13.4
30	3	6.3	12.3
30	4	6.7	11.2
30	5	7.9	12.3
30	6	6.8	12.2
30	7	5.9	11.2
30	8	7.2	11.6
30	9	7.1	11.2
30	10	6.8	10.6
30	11	5.8	10.7
30	12	7.2	10.3
30	13	7.1	10.8
30	14	9.2	11.7
30	15	8.2	11.5
30	16	8.7	0
30	17	7.9	0
30	18	8	0
30	19	7.4	0
30	20	7.4	0
30	21	8	0
30	22	7.6	0
30	23	6.6	0
30	24	8.4	0
30	25	8.6	0
30	26	7	0
30	27	6.4	0
30	28	6.3	0
30	29	6.4	0
30	30	7.3	0
30	31	6.9	0
30	32	6.2	0
30	33	8.5	0
30	34	5.5	0
30	35	9.3	0
30	36	7.4	0
30	37	8.7	0
30	38	6.8	0
30	39	5.8	0
30	40	6.3	0
30	41	6.6	0
30	42	8.4	0
30	43	7.8	0
30	44	5.9	0
30	45	7.7	0
30	46	5.9	0
30	47	7	0
31	1	6.8	12.5
31	2	9.1	13.5
31	3	9.9	14.1
31	4	4.4	9.1
31	5	10	15.9
31	6	7.1	13.9
31	7	8.1	14.6
31	8	8.4	14.3
31	9	10.4	14
31	10	9.4	15.1
31	11	9.4	14.9
31	12	10.6	14.9
31	13	7.8	13.6
31	14	7.7	14.7
31	15	7.9	14
31	16	9.3	0
31	17	8.8	0
31	18	7.5	0
31	19	4.9	0
31	20	8.8	0
31	21	9.4	0
31	22	8.9	0
31	23	8.7	0
31	24	9.4	0
31	25	9.8	0
31	26	9.6	0
31	27	7.8	0
31	28	7	0
31	29	10.1	0
31	30	9.3	0
31	31	6.8	0
31	32	6.5	0
31	33	8.3	0
31	34	9	0
31	35	10	0
31	36	8	0
31	37	6.2	0
31	38	10	0
31	39	7.7	0
31	40	8.6	0
31	41	9.8	0
31	42	8.5	0
31	43	8.9	0
31	44	7.7	0
31	45	6.3	0
31	46	8.4	0
31	47	7	0
31	48	8	0
31	49	9	0
31	50	7.8	0
31	51	9.8	0
31	52	7.1	0
31	53	8.9	0
31	54	7.8	0
31	55	9.1	0
31	56	10.9	0
31	57	9.2	0
31	58	7.3	0
31	59	8.4	0
31	60	8	0
31	61	8.2	0
31	62	11.2	0
31	63	6.7	0
31	64	8.5	0
31	65	8.2	0
32	1	9.6	14.1
32	2	8.4	13.4
32	3	8.2	13.3
32	4	9.7	14.2
32	5	9.2	13.5
32	6	8.8	13.3
32	7	8.2	14
32	8	8.3	14.1
32	9	9	14.2
32	10	8.8	13.5
32	11	7.3	10.4
32	12	7.4	12
32	13	9.6	14.3
32	14	9.2	12.6
32	15	6.7	12.1
32	16	8.4	0
32	17	8.3	0
32	18	10.4	0
32	19	5.7	0
32	20	7.2	0
32	21	7.6	0
32	22	8.6	0
32	23	8.5	0
32	24	6.1	0
32	25	8.4	0
32	26	9.8	0
32	27	9.4	0
32	28	8.7	0
32	29	8.5	0
32	30	7	0
32	31	6.6	0
32	32	10.5	0
32	33	7.6	0
32	34	8.4	0
32	35	9.9	0
32	36	7.6	0
32	37	9.7	0
32	38	6.9	0
32	39	9.9	0
32	40	10.1	0
32	41	8.8	0
32	42	9.9	0
32	43	7.4	0
32	44	9.8	0
32	45	9.6	0
32	46	6.3	0
32	47	9.4	0
32	48	9.4	0
32	49	7.9	0
32	50	6.3	0
32	51	11.7	0
32	52	10.4	0
32	53	7.3	0
32	54	9.6	0
32	55	9.7	0
32	56	10.1	0
32	57	7.6	0
32	58	7.4	0
32	59	6.8	0
32	60	7.4	0
33	1	12	16.7
33	2	10.7	16.8
33	3	8	14.5
33	4	8.2	14.5
33	5	7.3	12.9
33	6	10.7	15.3
33	7	7.5	13.3
33	8	7.9	14.7
33	9	7.4	14.7
33	10	11.8	16.7
33	11	7.6	15.6
33	12	10.1	16
33	13	11	16.3
33	14	7.7	13.1
33	15	10.6	15.7
33	16	8.9	0
33	17	11.4	0
33	18	9.9	0
33	19	5.2	0
33	20	11.5	0
33	21	9.5	0
33	22	11.5	0
33	23	10.7	0
33	24	11.7	0
33	25	10.4	0
33	26	9.9	0
33	27	11.7	0
33	28	10.2	0
33	29	11.3	0
33	30	7.1	0
33	31	10.3	0
33	32	7.6	0
33	33	9	0
33	34	7.2	0
33	35	9.9	0
33	36	9.4	0
33	37	12.4	0
33	38	9	0
34	1	10.4	17.5
34	2	10.1	15.6
34	3	9.3	15.3
34	4	11.2	16.1
34	5	4	8.2
34	6	9.7	13.3
34	7	8.4	12.5
34	8	7.6	13
34	9	8.6	13.6
34	10	10.7	16.5
34	11	6.9	12.9
34	12	10.4	17.5
34	13	6.2	13.9
34	14	10	17.9
34	15	10.8	0
34	16	8.6	0
34	17	7.7	0
34	18	10.5	0
34	19	12.2	0
34	20	9.9	0
34	21	5.8	0
34	22	10.4	0
34	23	10.9	0
34	24	10.6	0
35	1	8.2	11.6
35	2	9.7	14.4
35	3	9.6	13.7
35	4	8.5	12.6
35	5	10.9	13.5
35	6	12.3	14
35	7	10.5	15
35	8	5.8	11
35	9	11.4	8.6
35	10	5	12.5
35	11	9.7	11.1
35	12	5.4	15
35	13	9.8	14.4
35	14	14.4	11.4
35	15	9.8	12.7
35	16	7.9	0
35	17	10.5	0
35	18	12.6	0
35	19	11.6	0
35	20	11.1	0
35	21	7.5	0
35	22	10	0
35	23	7.4	0
35	24	10.3	0
35	25	9.3	0
35	26	5.4	0
35	27	9.7	0
35	28	11	0
35	29	4	0
35	30	12.1	0
35	31	10.5	0
35	32	13.6	0
35	33	9.9	0
35	34	9.7	0
35	35	7.1	0
35	36	7.8	0
35	37	5.4	0
35	38	6.7	0
35	39	8.1	0
35	40	8.3	0
35	41	10.8	0
35	42	8.8	0
36	1	9.6	13.5
36	2	8.4	15.3
36	3	10.4	16.2
36	4	9.9	14.4
36	5	8.6	14.9
36	6	4.8	10.9
36	7	8.7	13.5
36	8	7.9	13.9
36	9	10	14.5
36	10	8.7	13.9
36	11	8.8	13.6
36	12	5	7
36	13	10.2	12.8
36	14	7.7	12
36	15	6.9	11.8
36	16	7.4	0
36	17	5.8	0
36	18	10.7	0
36	19	4.2	0
36	20	8.3	0
36	21	4.2	0
36	22	8.3	0
36	23	7.6	0
36	24	4.6	0
36	25	9.9	0
36	26	4	0
36	27	6.3	0
36	28	4.6	0
36	29	5.6	0
36	30	9.3	0
36	31	4.4	0
36	32	10	0
36	33	9.4	0
36	34	9.7	0
36	35	7.7	0
36	36	10.6	0
36	37	9.2	0
36	38	8.7	0
36	39	11	0
36	40	6.2	0
36	41	6.8	0
36	42	9.4	0
36	43	11	0
36	44	8.6	0
36	45	9.3	0
36	46	9.9	0
36	47	8.7	0
36	48	9.9	0
36	49	9.9	0
36	50	4.3	0
36	51	8.9	0
36	52	9.6	0
36	53	6.9	0
36	54	8.9	0
37	1	8	13.1
37	2	5.1	10.7
37	3	11.3	14.6
37	4	4.1	6.5
37	5	9.8	14.6
37	6	8.5	14.4
37	7	10.6	15.7
37	8	8.9	15.1
37	9	10.9	15.2
37	10	9.9	14.8
37	11	10.5	14.9
37	12	11.1	14.7
37	13	7.1	13.3
37	14	10.8	13
37	15	9.3	0
37	16	5.3	0
37	17	10.2	0
37	18	4.2	0
37	19	5.3	0
37	20	8.3	0
37	21	4.4	0
37	22	6.9	0
37	23	4.1	0
37	24	7.4	0
37	25	4.4	0
37	26	5.2	0
37	27	4.8	0
37	28	11.3	0
37	29	9.9	0
37	30	11.2	0
37	31	9.8	0
37	32	8.2	0
37	33	8.9	0
37	34	10.9	0
37	35	9.1	0
37	36	7.1	0
37	37	9.1	0
37	38	5.3	0
37	39	10.5	0
37	40	10.9	0
37	41	6.8	0
37	42	10.6	0
37	43	11.4	0
37	44	8.9	0
37	45	9.8	0
37	46	6.4	0
37	47	8.4	0
37	48	4.6	0
37	49	10.8	0
37	50	8.2	0
37	51	4.1	0
37	52	9.7	0
38	1	8.4	14.7
38	2	10.8	13.8
38	3	9.6	18.5
38	4	10.2	17.3
38	5	11.4	16.2
38	6	8.9	16
38	7	10.7	15.3
38	8	10.7	14.2
38	9	9.7	13.7
38	10	10.8	14.2
38	11	8.6	13.5
38	12	9.7	13.7
38	13	4	7.4
38	14	10.5	14.8
38	15	10.4	15.2
38	16	10.9	0
38	17	9.5	0
38	18	10.7	0
38	19	9.1	0
38	20	9.6	0
38	21	9.8	0
38	22	9.9	0
38	23	8.9	0
38	24	10.1	0
38	25	12.1	0
38	26	5.3	0
38	27	9.3	0
38	28	9.5	0
38	29	9.3	0
38	30	7.8	0
38	31	9.7	0
38	32	9.4	0
38	33	8.4	0
38	34	9.6	0
38	35	7.3	0
38	36	5.8	0
38	37	7.3	0
38	38	9.3	0
38	39	9.3	0
38	40	8.3	0
38	41	8.8	0
38	42	10.5	0
38	43	8.5	0
38	44	10.2	0
38	45	9.2	0
38	46	8.7	0
38	47	7.4	0
38	48	7.9	0
38	49	11.7	0
38	50	7.4	0
38	51	10.2	0
38	52	11.5	0
38	53	9.7	0
38	54	9.9	0
38	55	9.8	0
38	56	7.6	0
38	57	9.9	0
38	58	7.7	0
39	1	6.4	7.7
39	2	4.5	7.5
39	3	5.8	7.7
39	4	5.8	8.1
39	5	6.5	8.7
39	6	5.9	7.1
39	7	5.4	6.3
39	8	5.3	6.2
39	9	7	8
39	10	5.6	7.2
39	11	6.4	7.4
39	12	6.8	7.3
39	13	7.2	0
39	14	5.6	0
39	15	4.6	0
39	16	7.4	0
39	17	5.4	0
39	18	7.6	0
39	19	6.7	0
39	20	8.1	0
39	21	6.2	0
39	22	4.9	0
39	23	7.8	0
39	24	4.7	0
39	25	7.7	0
39	26	6.4	0
39	27	5.7	0
39	28	6.4	0
39	29	7.2	0
39	30	6.2	0
39	31	6.3	0
39	32	7	0
39	33	7.2	0
39	34	6.2	0
39	35	6.6	0
39	36	4.3	0
39	37	6.2	0
39	38	6.7	0
39	39	5.6	0
39	40	6.2	0
39	41	9.3	0
39	42	6.2	0
39	43	7.6	0
39	44	7.7	0
39	45	6.7	0
39	46	8.2	0
39	47	7.2	0
39	48	6.1	0
39	49	5.3	0
39	50	5.8	0
39	51	4.8	0
39	52	5.8	0
39	53	7	0
39	54	8.3	0
39	55	6.7	0
39	56	7.9	0
39	57	6.8	0
39	58	7.8	0
39	59	8	0
39	60	7.5	0
39	61	7.6	0
40	1	4.9	9.7
40	2	7.3	12.6
40	3	9.1	13.2
40	4	9.3	13.3
40	5	5.3	10.4
40	6	11	13.3
40	7	10.8	11.6
40	8	8.4	11.3
40	9	10.4	14
40	10	5.4	10.2
40	11	5.9	10.2
40	12	6.6	11.2
40	13	4.9	9.5
40	14	10.8	12.7
40	15	8.8	0
40	16	4.4	0
40	17	5.6	0
40	18	9.4	0
40	19	8.2	0
40	20	7.9	0
40	21	9.9	0
40	22	10.9	0
40	23	9.3	0
40	24	10.8	0
40	25	7.4	0
40	26	4.2	0
40	27	10.2	0
40	28	10.4	0
40	29	8.5	0
40	30	11.1	0
40	31	8.7	0
40	32	4.5	0
40	33	10.9	0
40	34	7.5	0
40	35	9.3	0
40	36	7.3	0
40	37	8.8	0
40	38	8.6	0
40	39	9.8	0
40	40	10.3	0
40	41	5.5	0
40	42	5.5	0
40	43	4.2	0
40	44	11.2	0
40	45	4.3	0
40	46	9.9	0
40	47	11.8	0
40	48	8.9	0
40	49	5.7	0
40	50	8.8	0
40	51	8.7	0
41	1	10.2	14.4
41	2	8	13.9
41	3	11.2	16.3
41	4	9	13.8
41	5	9.8	14.3
41	6	8.2	14.7
41	7	10.3	15.6
41	8	8.7	14.9
41	9	6.6	11.8
41	10	9	11.3
41	11	5.2	10.7
41	12	8.8	13.7
41	13	9.8	14
41	14	7.4	0
41	15	5.5	0
41	16	10.8	0
41	17	9.4	0
41	18	6.7	0
41	19	6.7	0
41	20	6.9	0
41	21	8.9	0
41	22	4.1	0
41	23	8.4	0
41	24	8.9	0
41	25	8.7	0
41	26	7.9	0
41	27	9.5	0
41	28	11.3	0
41	29	8.8	0
41	30	10.5	0
41	31	7.7	0
41	32	9.2	0
41	33	5.4	0
41	34	6.4	0
41	35	6.4	0
41	36	6.7	0
41	37	8.7	0
41	38	6.4	0
41	39	5.8	0
41	40	10	0
41	41	5.9	0
41	42	9.1	0
41	43	9.9	0
41	44	6.6	0
41	45	6.9	0
41	46	7.5	0
41	47	9.2	0
41	48	6.2	0
41	49	10.1	0
41	50	9.9	0
41	51	9.1	0
42	1	6.3	9.5
42	2	4.1	8.2
42	3	4.9	8.9
42	4	6	11.3
42	5	4.4	7.6
42	6	6.8	8
42	7	8.3	9.5
42	8	7	9
42	9	8.9	8.3
42	10	7.1	7.5
42	11	5.6	6.6
42	12	7.6	7.9
42	13	6.8	8.2
42	14	8	0
42	15	4.8	0
42	16	8.1	0
42	17	6.8	0
42	18	4.4	0
42	19	5	0
42	20	4.4	0
42	21	7.7	0
42	22	6.6	0
42	23	6.3	0
42	24	4.4	0
42	25	7.4	0
42	26	7.6	0
42	27	8.5	0
42	28	7.2	0
42	29	4.1	0
42	30	5.9	0
42	31	8.9	0
42	32	7.5	0
42	33	7.6	0
42	34	6.9	0
42	35	4.9	0
42	36	4.5	0
42	37	9.5	0
42	38	8.4	0
42	39	8	0
42	40	9.9	0
42	41	7.7	0
42	42	7.2	0
42	43	10.6	0
42	44	6.9	0
42	45	10.2	0
42	46	10.6	0
43	1	9.1	12.7
43	2	9.8	13.2
43	3	8.2	12.7
43	4	5.9	11.7
43	5	9	14
43	6	6.8	13.2
43	7	10.9	14.4
43	8	6.2	11.1
43	9	9.1	13.7
43	10	10.7	12.7
43	11	6.8	10.5
43	12	5.4	9.7
43	13	7.9	12.1
43	14	8.1	12.3
43	15	4.1	8.8
43	16	5	0
43	17	10.3	0
43	18	6.5	0
43	19	8.9	0
43	20	9	0
43	21	7.4	0
43	22	4	0
43	23	4.7	0
43	24	8.6	0
43	25	8.3	0
43	26	8.7	0
43	27	7.6	0
43	28	8.7	0
43	29	4.9	0
43	30	4.7	0
43	31	9.5	0
43	32	8	0
43	33	8.3	0
43	34	4.9	0
43	35	6.6	0
43	36	7.3	0
43	37	4.2	0
43	38	5.8	0
43	39	7.6	0
43	40	6.9	0
43	41	8.9	0
43	42	8.1	0
43	43	6.6	0
43	44	4.3	0
43	45	10.2	0
43	46	7.2	0
43	47	6.4	0
43	48	7.7	0
43	49	8.5	0
43	50	9.2	0
44	1	5.8	10.3
44	2	10.6	13.7
44	3	6	11.2
44	4	9.6	13
44	5	8.7	11.8
44	6	12.4	12.1
44	7	4.4	8.3
44	8	10.6	11.5
44	9	9.7	7.5
44	10	4	8
44	11	9.3	11.8
44	12	7.1	11.9
44	13	10.9	14.1
44	14	10	14.8
44	15	10.8	0
44	16	8.9	0
44	17	7.5	0
44	18	10.1	0
44	19	11.2	0
44	20	9.1	0
44	21	10.7	0
44	22	7.3	0
44	23	9.6	0
44	24	10.1	0
44	25	5.8	0
44	26	8	0
44	27	9	0
44	28	9.4	0
44	29	7.3	0
44	30	9.8	0
44	31	4.6	0
44	32	7.4	0
44	33	8.7	0
44	34	7.6	0
44	35	9.3	0
44	36	10.6	0
44	37	8.6	0
44	38	7.4	0
44	39	11.3	0
44	40	8.4	0
44	41	8.9	0
44	42	7.6	0
44	43	6.9	0
44	44	10.9	0
44	45	12.3	0
44	46	10.2	0
44	47	10.4	0
44	48	8.9	0
44	49	9.1	0
44	50	9.8	0
44	51	7.8	0
44	52	9.3	0
44	53	9.6	0
44	54	4.9	0
44	55	8.7	0
44	56	10.2	0
44	57	4.5	0
45	1	14.8	28.1
45	2	12.4	25.4
45	3	15.8	27.9
45	4	16.8	24.2
45	5	16	23.8
45	6	13.3	29.4
45	7	13.6	29.1
45	8	16.7	28.1
45	9	13.3	25.1
45	10	15.1	27.5
45	11	14.9	0
45	12	17.7	0
45	13	10.6	0
45	14	16.6	0
45	15	11	0
45	16	13	0
45	17	12	0
45	18	14.8	0
45	19	12.4	0
45	20	15.4	0
45	21	12.7	0
45	22	14.6	0
45	23	19.8	0
45	24	16.9	0
45	25	12.9	0
45	26	16.2	0
45	27	15.6	0
45	28	13.6	0
45	29	17	0
45	30	14.4	0
45	31	15.7	0
45	32	11.2	0
45	33	15.6	0
45	34	12.1	0
46	1	12.2	27.6
46	2	14.4	27.8
46	3	15.3	24.3
46	4	13.4	26.3
46	5	12.8	27.3
46	6	17.2	25.6
46	7	13.2	23.8
46	8	18.1	24.9
46	9	12.2	19.7
46	10	14.4	13.1
46	11	16.6	0
46	12	14.7	0
46	13	12.7	0
46	14	15.7	0
46	15	13.8	0
46	16	14.1	0
46	17	11.9	0
46	18	15.7	0
46	19	16.5	0
46	20	14.8	0
46	21	11.8	0
46	22	17.2	0
46	23	16.8	0
46	24	15.9	0
46	25	13.1	0
46	26	13	0
46	27	16.5	0
46	28	12.2	0
47	1	8.9	0
47	2	11.2	0
47	3	9.6	0
47	4	5.3	0
47	5	11.8	0
47	6	13.2	20
47	7	12.8	21.1
47	8	11.4	19.4
47	9	11.9	17.8
47	10	8.6	15.9
47	11	8.4	15.6
47	12	9.8	15.8
47	13	11	16.5
47	14	9.4	17
47	15	9.3	17.5
47	16	12.2	0
47	17	10.8	0
47	18	8.9	0
47	19	9.4	0
47	20	10.2	0
47	21	9.4	0
47	22	9	0
47	23	7.7	0
47	24	10.8	0
47	25	11.3	0
47	26	10.2	0
47	27	8.7	0
47	28	8.7	0
47	29	9.1	0
47	30	10.7	0
47	31	12.3	0
47	32	9.8	0
47	33	10.7	0
47	34	8	0
47	35	11.7	0
47	36	12.3	0
47	37	10.3	0
47	38	11.6	0
47	39	14.8	0
48	1	9.9	17.7
48	2	10.7	17.1
48	3	11	17.5
48	4	8.9	16.3
48	5	8	15.4
48	6	10.9	17.8
48	7	10.3	17.6
48	8	10.8	16.8
48	9	10	17.6
48	10	9.3	16.2
48	11	12.1	0
48	12	11.9	0
48	13	10.3	0
48	14	11.5	0
48	15	8.6	0
48	16	10.4	0
48	17	9.6	0
48	18	11.8	0
48	19	9.9	0
48	20	5.2	0
48	21	10.4	0
48	22	10.6	0
48	23	6.9	0
48	24	7.2	0
48	25	8.3	0
48	26	10.9	0
48	27	7.4	0
48	28	5.8	0
48	29	12.6	0
48	30	8.5	0
48	31	10	0
48	32	9.5	0
48	33	8.7	0
48	34	8.9	0
48	35	8.7	0
48	36	6	0
48	37	8.7	0
48	38	9.6	0
48	39	7.7	0
48	40	7.7	0
48	41	9.5	0
48	42	7.8	0
48	43	9.6	0
48	44	11.2	0
49	1	9.2	11.7
49	2	11.5	12.6
49	3	7.6	12
49	4	11.7	12.8
49	5	8.2	12.2
49	6	10.1	12.5
49	7	6.8	12.1
49	8	8.7	13.6
49	9	10.8	12.1
49	10	4.6	8.1
49	11	7.5	10.4
49	12	9.6	13.6
49	13	8.7	11.4
49	14	9.8	11.2
49	15	4.9	0
49	16	11.4	0
49	17	10.2	0
49	18	10.7	0
49	19	10.5	0
49	20	7.9	0
49	21	9.7	0
49	22	8.4	0
49	23	10.6	0
49	24	6.4	0
49	25	9.2	0
49	26	9.3	0
49	27	10.4	0
49	28	10.1	0
49	29	10.6	0
49	30	10.9	0
49	31	11.2	0
49	32	6.3	0
50	1	9.2	13.8
50	2	9.3	13.4
50	3	9.7	15.4
50	4	9.9	12.8
50	5	8.9	13.1
50	6	6.6	10.6
50	7	9.9	12.3
50	8	11.3	12.6
50	9	10.7	12.7
50	10	9.2	11
50	11	7.9	10.5
50	12	9.6	11.6
50	13	9.2	9.7
50	14	10.3	10.3
50	15	9.3	11
50	16	5.4	0
50	17	9	0
50	18	9.7	0
50	19	11.7	0
50	20	8.6	0
50	21	11.1	0
50	22	9.7	0
50	23	11	0
50	24	8.4	0
50	25	7.7	0
50	26	5.8	0
50	27	12.2	0
50	28	10.6	0
50	29	7.2	0
50	30	10.4	0
50	31	7.4	0
50	32	8.4	0
50	33	9.8	0
50	34	7.6	0
50	35	6.3	0
50	36	10.1	0
50	37	8.8	0
50	38	5.9	0
50	39	11.3	0
50	40	9.9	0
50	41	7.9	0
50	42	10.9	0
50	43	4.9	0
50	44	11.1	0
50	45	8.4	0
